{
  "camera_angle_x": 0.5894446811455311,
  "camera_angle_y": 0.335971702494745,
  "fl_x": 2108.29418864636,
  "fl_y": 2122.8412990087677,
  "k1": -0.05764648062023884,
  "k2": 0.0007369438085442293,
  "k3": 0,
  "k4": 0,
  "p1": 0.005726280201236793,
  "p2": 0.0015998721884288088,
  "is_fisheye": false,
  "cx": 650.6953541494087,
  "cy": 367.68894739686135,
  "w": 1280.0,
  "h": 720.0,
  "aabb_scale": 32,
  "frames": [
    {
      "file_path": "./video\\images/0065.jpg",
      "sharpness": 5.747619345389471,
      "transform_matrix": [
        [
          0.9742840373981894,
          -0.21856235434206145,
          0.054782403933785806,
          0.4265179727003638
        ],
        [
          0.1772132343271557,
          0.5931083265008837,
          -0.7853776051141591,
          -3.121539822333981
        ],
        [
          0.13916207850241757,
          0.7748890309780669,
          0.6165881166728794,
          2.6370150266032866
        ],
        [
          0.0,
          0.0,
          0.0,
          1.0
        ]
      ]
    },
    {
      "file_path": "./video\\images/0014.jpg",
      "sharpness": 18.003350762250687,
      "transform_matrix": [
        [
          -0.5101522699243911,
          -0.21797247402899073,
          0.8320052055737983,
          3.576503859131616
        ],
        [
          0.856595994966908,
          -0.21579732104350927,
          0.4686948022298951,
          1.8413794156315137
        ],
        [
          0.07738192885050121,
          0.951798044145479,
          0.29680384144021066,
          1.6310000104525493
        ],
        [
          0.0,
          0.0,
          0.0,
          1.0
        ]
      ]
    },
    {
      "file_path": "./video\\images/0016.jpg",
      "sharpness": 6.15524400849401,
      "transform_matrix": [
        [
          -0.6409303232152423,
          -0.30535312405539655,
          0.7042498068569426,
          3.2550223668858322
        ],
        [
          0.7648900608711562,
          -0.3310766143654593,
          0.552568068387096,
          2.3344199675566544
        ],
        [
          0.0644322557864695,
          0.8928313083050706,
          0.44575861110019205,
          1.5932897891125106
        ],
        [
          0.0,
          0.0,
          0.0,
          1.0
        ]
      ]
    },
    {
      "file_path": "./video\\images/0017.jpg",
      "sharpness": 10.244665741626129,
      "transform_matrix": [
        [
          -0.7079813167867854,
          -0.24999520742645026,
          0.6605034832534054,
          3.0459841614284913
        ],
        [
          0.7021852399373856,
          -0.3491457668578744,
          0.6205103724350832,
          2.443951665447435
        ],
        [
          0.075487375905635,
          0.9031055474242202,
          0.42273162448050844,
          1.4501384634316832
        ],
        [
          0.0,
          0.0,
          0.0,
          1.0
        ]
      ]
    },
    {
      "file_path": "./video\\images/0003.jpg",
      "sharpness": 29.572003948747398,
      "transform_matrix": [
        [
          0.24642082150140598,
          -0.30924348593480155,
          0.9185016304736159,
          3.1220039884929447
        ],
        [
          0.9675503339192987,
          0.023848988129535748,
          -0.25155034704423274,
          -1.1023146693900518
        ],
        [
          0.05588497172594312,
          0.9506838024377706,
          0.3050855253254426,
          0.9798362288751017
        ],
        [
          0.0,
          0.0,
          0.0,
          1.0
        ]
      ]
    },
    {
      "file_path": "./video\\images/0008.jpg",
      "sharpness": 19.260685662121237,
      "transform_matrix": [
        [
          -0.21959321831143438,
          -0.32508223429765737,
          0.9198371374655927,
          3.7786320429640288
        ],
        [
          0.9730307479384072,
          -0.1412489375734712,
          0.18237297278109058,
          0.516171670455546
        ],
        [
          0.07063980494045521,
          0.9350776858756924,
          0.3473323183649674,
          1.3390547077763457
        ],
        [
          0.0,
          0.0,
          0.0,
          1.0
        ]
      ]
    },
    {
      "file_path": "./video\\images/0020.jpg",
      "sharpness": 12.159267520620793,
      "transform_matrix": [
        [
          -0.823145878518297,
          -0.2250736523132067,
          0.5213182461394966,
          2.518308044960961
        ],
        [
          0.5639693889917798,
          -0.43093140261429075,
          0.7044406678502748,
          3.044721908466904
        ],
        [
          0.06610136906629951,
          0.8738649651471889,
          0.4816540581592898,
          1.956152403511051
        ],
        [
          0.0,
          0.0,
          0.0,
          1.0
        ]
      ]
    },
    {
      "file_path": "./video\\images/0015.jpg",
      "sharpness": 15.986919611894349,
      "transform_matrix": [
        [
          -0.5774427121551883,
          -0.23055488685847503,
          0.7832013523799372,
          3.513437026155451
        ],
        [
          0.811399915034819,
          -0.2683967679140271,
          0.5192237984289768,
          2.1424825843930018
        ],
        [
          0.0904991275036498,
          0.9353115091565835,
          0.3420559732057914,
          1.7912063647571224
        ],
        [
          0.0,
          0.0,
          0.0,
          1.0
        ]
      ]
    },
    {
      "file_path": "./video\\images/0018.jpg",
      "sharpness": 15.249865914181132,
      "transform_matrix": [
        [
          -0.7545184729285849,
          -0.22681424015954804,
          0.6158385945323573,
          3.006733076346279
        ],
        [
          0.6517273986382752,
          -0.36928153989225526,
          0.6624821070483444,
          2.655751128720979
        ],
        [
          0.07715744878452471,
          0.9012138729482528,
          0.4264507982735201,
          1.6344782508209241
        ],
        [
          0.0,
          0.0,
          0.0,
          1.0
        ]
      ]
    },
    {
      "file_path": "./video\\images/0010.jpg",
      "sharpness": 24.1215645929784,
      "transform_matrix": [
        [
          -0.31012055904981867,
          -0.28737884684240395,
          0.9062221787659936,
          4.046773250770592
        ],
        [
          0.9494408820928965,
          -0.14260910970948545,
          0.27968670550949193,
          1.2377480067803293
        ],
        [
          0.04885949520633977,
          0.9471409822511371,
          0.31707524266959397,
          1.3736705470508772
        ],
        [
          0.0,
          0.0,
          0.0,
          1.0
        ]
      ]
    },
    {
      "file_path": "./video\\images/0001.jpg",
      "sharpness": 35.12857057966892,
      "transform_matrix": [
        [
          0.38189472903133403,
          -0.3037038612659718,
          0.8728805076500733,
          2.9613481041763747
        ],
        [
          0.9225421242913457,
          0.0686240390625788,
          -0.3797456651114949,
          -1.5016685426439622
        ],
        [
          0.05542963873943338,
          0.9502919056585849,
          0.3063867641306329,
          1.0463814185192517
        ],
        [
          0.0,
          0.0,
          0.0,
          1.0
        ]
      ]
    },
    {
      "file_path": "./video\\images/0012.jpg",
      "sharpness": 22.283081904082824,
      "transform_matrix": [
        [
          -0.3581280939688597,
          -0.2991125660082533,
          0.8844636460654651,
          3.73361048206055
        ],
        [
          0.9327301411433154,
          -0.1571639813710587,
          0.32452113453917125,
          1.4038056813270319
        ],
        [
          0.04193747871769031,
          0.9411860367958981,
          0.33527614299959196,
          1.2949894668211788
        ],
        [
          0.0,
          0.0,
          0.0,
          1.0
        ]
      ]
    },
    {
      "file_path": "./video\\images/0009.jpg",
      "sharpness": 17.710745397015558,
      "transform_matrix": [
        [
          -0.27435136911088426,
          -0.2996582356054959,
          0.9137484709404501,
          3.9322557212970097
        ],
        [
          0.9599663886052109,
          -0.14120467018891722,
          0.24192100749073264,
          0.8756438945779064
        ],
        [
          0.05653192921419681,
          0.9435391793640042,
          0.3264015288411976,
          1.4040037246636852
        ],
        [
          0.0,
          0.0,
          0.0,
          1.0
        ]
      ]
    },
    {
      "file_path": "./video\\images/0002.jpg",
      "sharpness": 21.336798810940017,
      "transform_matrix": [
        [
          0.30973299414316763,
          -0.3034338756828463,
          0.9011067392226193,
          3.0510213081425204
        ],
        [
          0.9491211221084653,
          0.04198017770785923,
          -0.31210056111357276,
          -1.4273167153339426
        ],
        [
          0.056873261815167275,
          0.9519272807379423,
          0.300998146709941,
          1.0100117134594646
        ],
        [
          0.0,
          0.0,
          0.0,
          1.0
        ]
      ]
    },
    {
      "file_path": "./video\\images/0019.jpg",
      "sharpness": 13.977553162797296,
      "transform_matrix": [
        [
          -0.7891691083955154,
          -0.21072646010579116,
          0.5768938181422434,
          2.735518796402965
        ],
        [
          0.6088629973939358,
          -0.3917069074790805,
          0.6898199395768941,
          3.0045355721918106
        ],
        [
          0.08060997947086768,
          0.8956338859614643,
          0.43742653505785617,
          1.779217090522769
        ],
        [
          0.0,
          0.0,
          0.0,
          1.0
        ]
      ]
    },
    {
      "file_path": "./video\\images/0011.jpg",
      "sharpness": 17.93041015306637,
      "transform_matrix": [
        [
          -0.3267335688933807,
          -0.2906576709557591,
          0.8993126782815831,
          4.005027923918037
        ],
        [
          0.944014607039339,
          -0.14629972829048418,
          0.2956903975422861,
          1.4527748704069319
        ],
        [
          0.04562451820715986,
          0.9455762834699782,
          0.3221861193827522,
          1.3483070311993184
        ],
        [
          0.0,
          0.0,
          0.0,
          1.0
        ]
      ]
    },
    {
      "file_path": "./video\\images/0007.jpg",
      "sharpness": 20.11549029539132,
      "transform_matrix": [
        [
          -0.1351724553898507,
          -0.352003611036358,
          0.9261867334217597,
          3.4888027804802224
        ],
        [
          0.987459609059147,
          -0.12480406382100782,
          0.09668229481523971,
          0.22044732064479342
        ],
        [
          0.0815593512898939,
          0.9276407728833205,
          0.3644594198906874,
          1.3606902577877638
        ],
        [
          0.0,
          0.0,
          0.0,
          1.0
        ]
      ]
    },
    {
      "file_path": "./video\\images/0013.jpg",
      "sharpness": 21.13473256562786,
      "transform_matrix": [
        [
          -0.42960191960820354,
          -0.26842224835134937,
          0.8622016511838627,
          3.485521078687307
        ],
        [
          0.9014879950334771,
          -0.1830469515186158,
          0.3921902705964108,
          1.6026613948792672
        ],
        [
          0.052550789628510425,
          0.9457501309401728,
          0.32061675623946295,
          1.5376063567435236
        ],
        [
          0.0,
          0.0,
          0.0,
          1.0
        ]
      ]
    },
    {
      "file_path": "./video\\images/0004.jpg",
      "sharpness": 35.32756492324641,
      "transform_matrix": [
        [
          0.16964978412720116,
          -0.3086099436244667,
          0.9359374196424266,
          3.141266395064744
        ],
        [
          0.9837162429010741,
          -0.004155605887005272,
          -0.17968050643442107,
          -0.7513704538111494
        ],
        [
          0.05934057801207692,
          0.9511796011696393,
          0.30287961662252444,
          0.9646212508232753
        ],
        [
          0.0,
          0.0,
          0.0,
          1.0
        ]
      ]
    },
    {
      "file_path": "./video\\images/0006.jpg",
      "sharpness": 32.61318459613824,
      "transform_matrix": [
        [
          -0.02790527080535718,
          -0.36394270344333096,
          0.9310032247617972,
          3.18674832803256
        ],
        [
          0.9969211214168214,
          -0.0784071783051998,
          -0.0007694566046191204,
          -0.4771895330005415
        ],
        [
          0.07327737396348166,
          0.9281153069772832,
          0.36501014159188566,
          1.342599828119301
        ],
        [
          0.0,
          0.0,
          0.0,
          1.0
        ]
      ]
    },
    {
      "file_path": "./video\\images/0005.jpg",
      "sharpness": 41.47392013300672,
      "transform_matrix": [
        [
          0.0815156392469317,
          -0.31280119033716014,
          0.9463142268438354,
          3.1972735205154095
        ],
        [
          0.9944916385789604,
          -0.037243022006440134,
          -0.09797621195262254,
          -0.46406909276856734
        ],
        [
          0.06589067729885859,
          0.9490881796128187,
          0.308042279581509,
          0.9609849514008734
        ],
        [
          0.0,
          0.0,
          0.0,
          1.0
        ]
      ]
    },
    {
      "file_path": "./video\\images/0023.jpg",
      "sharpness": 10.795710658743351,
      "transform_matrix": [
        [
          -0.9286206338411923,
          -0.1439474372182221,
          0.34196908305856333,
          1.6143237262820922
        ],
        [
          0.3695380526359647,
          -0.44141228700547014,
          0.8176776996682996,
          3.5298010111371916
        ],
        [
          0.03324674570030112,
          0.8856829727589525,
          0.46309861337586955,
          2.054771776095128
        ],
        [
          0.0,
          0.0,
          0.0,
          1.0
        ]
      ]
    },
    {
      "file_path": "./video\\images/0021.jpg",
      "sharpness": 11.530602202002203,
      "transform_matrix": [
        [
          -0.8649363535573031,
          -0.2063718060126993,
          0.45748855944523775,
          1.9936759835999345
        ],
        [
          0.49887876177633395,
          -0.4530955056985198,
          0.7387993257742845,
          3.2402688490235096
        ],
        [
          0.054818659052123686,
          0.8672457209086827,
          0.4948532855612412,
          1.9976446683503235
        ],
        [
          0.0,
          0.0,
          0.0,
          1.0
        ]
      ]
    },
    {
      "file_path": "./video\\images/0022.jpg",
      "sharpness": 10.567607412549007,
      "transform_matrix": [
        [
          -0.9084702631059967,
          -0.14731063471684155,
          0.391128313979784,
          1.8422028844014677
        ],
        [
          0.4146212439508409,
          -0.4355164033325194,
          0.7990085647182926,
          3.5024208210100367
        ],
        [
          0.05264033773314364,
          0.8880456291002653,
          0.45673182013595615,
          2.0796435539389475
        ],
        [
          0.0,
          0.0,
          0.0,
          1.0
        ]
      ]
    },
    {
      "file_path": "./video\\images/0027.jpg",
      "sharpness": 7.6889170795534865,
      "transform_matrix": [
        [
          -0.9996592781094826,
          -0.01601468369349618,
          0.020612075127251384,
          -0.024519136065480715
        ],
        [
          0.025902136554664834,
          -0.5110296797583513,
          0.8591727100695197,
          3.3964409551899846
        ],
        [
          -0.003225997038412809,
          0.859413867904085,
          0.5112703752836623,
          2.2314916101839994
        ],
        [
          0.0,
          0.0,
          0.0,
          1.0
        ]
      ]
    },
    {
      "file_path": "./video\\images/0029.jpg",
      "sharpness": 9.811764301775712,
      "transform_matrix": [
        [
          -0.983363908921563,
          0.09762619290094016,
          -0.15318142555609693,
          -0.5475700280211178
        ],
        [
          -0.18097584145966697,
          -0.454165159292956,
          0.8723426808844056,
          3.7051047948580296
        ],
        [
          0.015593828301337542,
          0.8855524459796111,
          0.46427760874705715,
          2.1433041135642155
        ],
        [
          0.0,
          0.0,
          0.0,
          1.0
        ]
      ]
    },
    {
      "file_path": "./video\\images/0026.jpg",
      "sharpness": 11.180347197808167,
      "transform_matrix": [
        [
          -0.9912891464540952,
          -0.07142540924584304,
          0.11065368986889464,
          0.5829647282609856
        ],
        [
          0.13163003443536878,
          -0.5092249261971618,
          0.8505077945405686,
          3.620865063698129
        ],
        [
          -0.004400250234907921,
          0.8576644947105183,
          0.5141908715217246,
          1.9380186377157818
        ],
        [
          0.0,
          0.0,
          0.0,
          1.0
        ]
      ]
    },
    {
      "file_path": "./video\\images/0036.jpg",
      "sharpness": 8.300440508053628,
      "transform_matrix": [
        [
          -0.8152452245533872,
          0.3058735839011273,
          -0.49174848709437075,
          -2.175958892108301
        ],
        [
          -0.576123666652643,
          -0.5145736123757427,
          0.635055523690264,
          2.4541540154847494
        ],
        [
          -0.05879408637710837,
          0.8010339244704373,
          0.5957246908598127,
          2.2006352074216498
        ],
        [
          0.0,
          0.0,
          0.0,
          1.0
        ]
      ]
    },
    {
      "file_path": "./video\\images/0024.jpg",
      "sharpness": 8.27072787291798,
      "transform_matrix": [
        [
          -0.9461243816684896,
          -0.15294530305990459,
          0.28540565644282206,
          1.0457353582474662
        ],
        [
          0.32370765892137254,
          -0.46819487653262887,
          0.8221963932932713,
          3.4834172217786668
        ],
        [
          0.007874389532961212,
          0.870288051104682,
          0.49248015405632994,
          2.059293998214403
        ],
        [
          0.0,
          0.0,
          0.0,
          1.0
        ]
      ]
    },
    {
      "file_path": "./video\\images/0025.jpg",
      "sharpness": 16.657674613274462,
      "transform_matrix": [
        [
          -0.9710737321930456,
          -0.11189854731742621,
          0.21093724611396836,
          0.7672818663697828
        ],
        [
          0.23864815218153268,
          -0.48415357102919354,
          0.8418089920642582,
          3.655632043316958
        ],
        [
          0.007928817638404417,
          0.867798383728865,
          0.4968531967230114,
          1.805212164896998
        ],
        [
          0.0,
          0.0,
          0.0,
          1.0
        ]
      ]
    },
    {
      "file_path": "./video\\images/0033.jpg",
      "sharpness": 8.430721569003587,
      "transform_matrix": [
        [
          -0.9262432519511226,
          0.1797931501280945,
          -0.33128214776418585,
          -1.548880203415213
        ],
        [
          -0.37423980143376123,
          -0.5434155573661764,
          0.7514280424867367,
          3.068474741038885
        ],
        [
          -0.044922258119461045,
          0.8199841188780006,
          0.5706207458187678,
          2.093952177662242
        ],
        [
          0.0,
          0.0,
          0.0,
          1.0
        ]
      ]
    },
    {
      "file_path": "./video\\images/0034.jpg",
      "sharpness": 18.424267537829323,
      "transform_matrix": [
        [
          -0.8869957687595148,
          0.2111374098546536,
          -0.41068175076062374,
          -2.064533781633972
        ],
        [
          -0.4590461844054583,
          -0.49974689501346464,
          0.7345268146959737,
          2.6615127427027696
        ],
        [
          -0.05015084065761827,
          0.840044067367351,
          0.540195203706679,
          1.9210930598436435
        ],
        [
          0.0,
          0.0,
          0.0,
          1.0
        ]
      ]
    },
    {
      "file_path": "./video\\images/0055.jpg",
      "sharpness": 8.485560971991216,
      "transform_matrix": [
        [
          0.7878364876321793,
          0.3208249338840348,
          -0.5257233403596626,
          -2.192327923017306
        ],
        [
          -0.6087834824820549,
          0.5349149155253088,
          -0.5858743078560418,
          -2.3710993727696756
        ],
        [
          0.09325417011590284,
          0.7816248428614921,
          0.616738408746521,
          2.495854992852038
        ],
        [
          0.0,
          0.0,
          0.0,
          1.0
        ]
      ]
    },
    {
      "file_path": "./video\\images/0028.jpg",
      "sharpness": 15.643090240473805,
      "transform_matrix": [
        [
          -0.9959752263830557,
          0.05036168015297371,
          -0.07414209093771856,
          -0.2411448134372931
        ],
        [
          -0.08918932147532893,
          -0.4750535812200379,
          0.8754252451837392,
          3.4975732596784987
        ],
        [
          0.008866420376677175,
          0.8785145395368139,
          0.47763332218090987,
          1.9382158530240723
        ],
        [
          0.0,
          0.0,
          0.0,
          1.0
        ]
      ]
    },
    {
      "file_path": "./video\\images/0032.jpg",
      "sharpness": 13.514893199297825,
      "transform_matrix": [
        [
          -0.9467981611468361,
          0.16186933724911468,
          -0.27815743698978723,
          -1.397343760140597
        ],
        [
          -0.3214592638632133,
          -0.5170245750270884,
          0.7933155302241359,
          3.3718040479454663
        ],
        [
          -0.015400771543458008,
          0.840525970158255,
          0.5415523148974986,
          2.106228040416704
        ],
        [
          0.0,
          0.0,
          0.0,
          1.0
        ]
      ]
    },
    {
      "file_path": "./video\\images/0039.jpg",
      "sharpness": 11.405292953980998,
      "transform_matrix": [
        [
          -0.5830631490099248,
          0.4015716357753707,
          -0.7062418747515251,
          -2.79517863375531
        ],
        [
          -0.8105503614964313,
          -0.34658359161386,
          0.47211007773851216,
          1.3722461000445794
        ],
        [
          -0.05518582931599772,
          0.8477145954893037,
          0.5275741548659874,
          2.055184285328029
        ],
        [
          0.0,
          0.0,
          0.0,
          1.0
        ]
      ]
    },
    {
      "file_path": "./video\\images/0035.jpg",
      "sharpness": 16.306553792953476,
      "transform_matrix": [
        [
          -0.8372869501432901,
          0.25258942506629534,
          -0.4849217931890176,
          -2.272504623966943
        ],
        [
          -0.5463043893084123,
          -0.4228241071921599,
          0.7230292446365765,
          2.8069484578847246
        ],
        [
          -0.022407083054296978,
          0.8702978551966322,
          0.4920158187645886,
          2.0562371151283276
        ],
        [
          0.0,
          0.0,
          0.0,
          1.0
        ]
      ]
    },
    {
      "file_path": "./video\\images/0040.jpg",
      "sharpness": 10.98143988652995,
      "transform_matrix": [
        [
          -0.5151673066516834,
          0.42962219110366545,
          -0.7416383344419044,
          -2.7357911132452273
        ],
        [
          -0.8555016172806187,
          -0.31040230478955017,
          0.4144482983579545,
          0.9745918159067475
        ],
        [
          -0.05215006229132017,
          0.8479830081637942,
          0.5274515986457363,
          1.8130304626553466
        ],
        [
          0.0,
          0.0,
          0.0,
          1.0
        ]
      ]
    },
    {
      "file_path": "./video\\images/0031.jpg",
      "sharpness": 15.258566608757441,
      "transform_matrix": [
        [
          -0.9633263351305457,
          0.1314623437119914,
          -0.23392311616197314,
          -1.035590562882318
        ],
        [
          -0.26824780251522995,
          -0.4937185355736795,
          0.8272152827873488,
          3.2971189795326215
        ],
        [
          -0.00674451851871849,
          0.8596276285994792,
          0.5108765522744564,
          1.8616992724399153
        ],
        [
          0.0,
          0.0,
          0.0,
          1.0
        ]
      ]
    },
    {
      "file_path": "./video\\images/0038.jpg",
      "sharpness": 25.023484927137407,
      "transform_matrix": [
        [
          -0.6464627257189723,
          0.351753364654546,
          -0.6770195822540355,
          -2.568458567466753
        ],
        [
          -0.7622528211058298,
          -0.33558514913473597,
          0.5534918647971652,
          1.9614334487786462
        ],
        [
          -0.03250509172653529,
          0.8738719460970815,
          0.4850682847618447,
          1.8995011132682051
        ],
        [
          0.0,
          0.0,
          0.0,
          1.0
        ]
      ]
    },
    {
      "file_path": "./video\\images/0042.jpg",
      "sharpness": 9.790806189924405,
      "transform_matrix": [
        [
          -0.3210035045011743,
          0.5164483050042272,
          -0.7938752410810219,
          -2.98035559396346
        ],
        [
          -0.9447557503142955,
          -0.2332810146456637,
          0.23025320943297212,
          0.7352288067500996
        ],
        [
          -0.0662821420080099,
          0.8239302861940707,
          0.5628015291276629,
          2.2437642353032436
        ],
        [
          0.0,
          0.0,
          0.0,
          1.0
        ]
      ]
    },
    {
      "file_path": "./video\\images/0041.jpg",
      "sharpness": 19.93916424955674,
      "transform_matrix": [
        [
          -0.41246769409774414,
          0.4277368258931774,
          -0.8043081555882328,
          -3.084499272523213
        ],
        [
          -0.910611835060477,
          -0.2184257550978403,
          0.35082228458002906,
          1.1712263252760187
        ],
        [
          -0.025622005756856317,
          0.8771153842731362,
          0.4795957834862953,
          1.873785622650927
        ],
        [
          0.0,
          0.0,
          0.0,
          1.0
        ]
      ]
    },
    {
      "file_path": "./video\\images/0045.jpg",
      "sharpness": 10.408745431782291,
      "transform_matrix": [
        [
          0.06572393751116046,
          0.5551947690452168,
          -0.829119492297753,
          -3.0517950936289946
        ],
        [
          -0.9978037314994477,
          0.043438068751982806,
          -0.05000847517269705,
          0.10139792959837006
        ],
        [
          0.008250905686229902,
          0.8305852771709046,
          0.5568303331785524,
          2.1768990276212823
        ],
        [
          0.0,
          0.0,
          0.0,
          1.0
        ]
      ]
    },
    {
      "file_path": "./video\\images/0047.jpg",
      "sharpness": 13.467138545979388,
      "transform_matrix": [
        [
          0.2345346296029206,
          0.5317139348821719,
          -0.8138020637810917,
          -2.9724440404074812
        ],
        [
          -0.9695951763309408,
          0.18810276501777945,
          -0.15653288417664699,
          -0.28639602797801195
        ],
        [
          0.06984770259037848,
          0.8257709375413586,
          0.5596638787704282,
          2.181580346354584
        ],
        [
          0.0,
          0.0,
          0.0,
          1.0
        ]
      ]
    },
    {
      "file_path": "./video\\images/0043.jpg",
      "sharpness": 17.058264851123898,
      "transform_matrix": [
        [
          -0.20030022646729817,
          0.5230815888726276,
          -0.8284114139151283,
          -2.9620886468293666
        ],
        [
          -0.978814934108412,
          -0.14346735345045952,
          0.14607684026048776,
          0.48217703241045073
        ],
        [
          -0.04243988742160769,
          0.8401206877117962,
          0.5407366143324759,
          1.6489365385208017
        ],
        [
          0.0,
          0.0,
          0.0,
          1.0
        ]
      ]
    },
    {
      "file_path": "./video\\images/0044.jpg",
      "sharpness": 24.900238658292796,
      "transform_matrix": [
        [
          -0.051047400775598245,
          0.49343980681290184,
          -0.8682806688921089,
          -2.901304564687831
        ],
        [
          -0.99865192122334,
          -0.017030797333025642,
          0.04903358215912923,
          0.4586446043754261
        ],
        [
          0.009407609207859841,
          0.8696131950701314,
          0.49364398901876516,
          1.783977533465217
        ],
        [
          0.0,
          0.0,
          0.0,
          1.0
        ]
      ]
    },
    {
      "file_path": "./video\\images/0050.jpg",
      "sharpness": 11.725605467224119,
      "transform_matrix": [
        [
          0.463884014774959,
          0.47104099067270044,
          -0.7502879487154064,
          -2.7367222186947573
        ],
        [
          -0.8787635674554725,
          0.3519197811165576,
          -0.32237720169395884,
          -1.2082043434323035
        ],
        [
          0.11218829423010153,
          0.8088713450257101,
          0.577183622324376,
          2.172516928596632
        ],
        [
          0.0,
          0.0,
          0.0,
          1.0
        ]
      ]
    },
    {
      "file_path": "./video\\images/0052.jpg",
      "sharpness": 11.14362734420094,
      "transform_matrix": [
        [
          0.6134977617495109,
          0.3999834470177277,
          -0.6809065563536475,
          -2.5745507873117552
        ],
        [
          -0.7849498994836264,
          0.4032653947124319,
          -0.47035165220108843,
          -1.7270193534277192
        ],
        [
          0.08645317605236169,
          0.8230372188280902,
          0.5613693835787898,
          2.3444539712713732
        ],
        [
          0.0,
          0.0,
          0.0,
          1.0
        ]
      ]
    },
    {
      "file_path": "./video\\images/0048.jpg",
      "sharpness": 14.950953755215071,
      "transform_matrix": [
        [
          0.3088458795536694,
          0.5218090246755993,
          -0.7951915269260901,
          -3.046572297338945
        ],
        [
          -0.945585830976035,
          0.25845375757339256,
          -0.19765902826276,
          -0.7650729568569752
        ],
        [
          0.102379973368454,
          0.8129680172090443,
          0.5732375982903762,
          1.903305792474237
        ],
        [
          0.0,
          0.0,
          0.0,
          1.0
        ]
      ]
    },
    {
      "file_path": "./video\\images/0046.jpg",
      "sharpness": 17.7530653181182,
      "transform_matrix": [
        [
          0.18790614719434712,
          0.4540710817074638,
          -0.8709252164501933,
          -3.2210740318443367
        ],
        [
          -0.979100745020728,
          0.156836189448408,
          -0.1294764101270222,
          -0.042159300264320944
        ],
        [
          0.07780109864060204,
          0.8770529416632471,
          0.47405181849203903,
          1.9591725803926299
        ],
        [
          0.0,
          0.0,
          0.0,
          1.0
        ]
      ]
    },
    {
      "file_path": "./video\\images/0058.jpg",
      "sharpness": 8.081716577148436,
      "transform_matrix": [
        [
          0.9066847152943767,
          0.14850109559548358,
          -0.3948040674862945,
          -1.6998068520143574
        ],
        [
          -0.395964992607354,
          0.6222344935419917,
          -0.6753043459627833,
          -2.4642781295917935
        ],
        [
          0.14537727374478782,
          0.768616718319885,
          0.6229717398431108,
          2.565205753124669
        ],
        [
          0.0,
          0.0,
          0.0,
          1.0
        ]
      ]
    },
    {
      "file_path": "./video\\images/0054.jpg",
      "sharpness": 8.761264096152924,
      "transform_matrix": [
        [
          0.741053738462745,
          0.2813276672434089,
          -0.6096672046280643,
          -2.646100805435309
        ],
        [
          -0.6598329562971441,
          0.47326344871689363,
          -0.5836455927127233,
          -2.516170923342996
        ],
        [
          0.12433755073709896,
          0.8347912624042197,
          0.5363429143148231,
          2.1473654183194233
        ],
        [
          0.0,
          0.0,
          0.0,
          1.0
        ]
      ]
    },
    {
      "file_path": "./video\\images/0049.jpg",
      "sharpness": 15.787812495761443,
      "transform_matrix": [
        [
          0.3784585552829916,
          0.5078476197378006,
          -0.7738603989770937,
          -2.8902631228398925
        ],
        [
          -0.9184221254084598,
          0.3100777354014941,
          -0.24566765674119675,
          -0.9317640984703277
        ],
        [
          0.11519514530913412,
          0.8037055388480128,
          0.5837700620686898,
          2.0887670618543406
        ],
        [
          0.0,
          0.0,
          0.0,
          1.0
        ]
      ]
    },
    {
      "file_path": "./video\\images/0051.jpg",
      "sharpness": 11.369522553601678,
      "transform_matrix": [
        [
          0.5690303394253586,
          0.3652050650511732,
          -0.7367697966934148,
          -2.982632289033525
        ],
        [
          -0.8132205408175414,
          0.3828159439765564,
          -0.43831986611376184,
          -1.6359465682934657
        ],
        [
          0.1219705899973072,
          0.8485736347166405,
          0.5148261470486393,
          2.154057021952202
        ],
        [
          0.0,
          0.0,
          0.0,
          1.0
        ]
      ]
    },
    {
      "file_path": "./video\\images/0056.jpg",
      "sharpness": 9.125589189881454,
      "transform_matrix": [
        [
          0.8494053274444222,
          0.19992215919832632,
          -0.4884073300184376,
          -1.8604145569266985
        ],
        [
          -0.5102392255035042,
          0.5474670492788716,
          -0.6632765356257466,
          -2.735921597169522
        ],
        [
          0.13478324266348116,
          0.8125952007282315,
          0.567029555928094,
          2.1258951668906465
        ],
        [
          0.0,
          0.0,
          0.0,
          1.0
        ]
      ]
    },
    {
      "file_path": "./video\\images/0059.jpg",
      "sharpness": 9.170021501536429,
      "transform_matrix": [
        [
          0.9339432654674941,
          0.09812690463762272,
          -0.34368748525277776,
          -1.3307237325639856
        ],
        [
          -0.3225222617376471,
          0.6457952435400193,
          -0.6920461647209253,
          -2.6728276898838064
        ],
        [
          0.15404339523007166,
          0.7571787200083668,
          0.6347842297961821,
          2.4442752014871423
        ],
        [
          0.0,
          0.0,
          0.0,
          1.0
        ]
      ]
    },
    {
      "file_path": "./video\\images/0053.jpg",
      "sharpness": 14.64546547519896,
      "transform_matrix": [
        [
          0.6755900136038978,
          0.34170753992486513,
          -0.653310103031025,
          -2.615350694539823
        ],
        [
          -0.7295276647709689,
          0.43796742741780037,
          -0.5253321985706505,
          -2.0084334448782233
        ],
        [
          0.10661857191365838,
          0.8315169810144157,
          0.545171523883275,
          1.9520251425726522
        ],
        [
          0.0,
          0.0,
          0.0,
          1.0
        ]
      ]
    },
    {
      "file_path": "./video\\images/0057.jpg",
      "sharpness": 16.351040327019156,
      "transform_matrix": [
        [
          0.8867703508510696,
          0.124919099396335,
          -0.445009621809131,
          -1.8191072720145625
        ],
        [
          -0.43390736029969157,
          0.556719953024518,
          -0.7083694633327685,
          -2.7196390617716615
        ],
        [
          0.15925686034964326,
          0.8212539878389473,
          0.5478860647394214,
          2.20982286281816
        ],
        [
          0.0,
          0.0,
          0.0,
          1.0
        ]
      ]
    },
    {
      "file_path": "./video\\images/0037.jpg",
      "sharpness": 23.935179015631736,
      "transform_matrix": [
        [
          -0.7419906357060086,
          0.34516847278943324,
          -0.5747248228169981,
          -2.393318855100893
        ],
        [
          -0.6683839529306347,
          -0.447469712429906,
          0.5941664311646522,
          1.9107931220849057
        ],
        [
          -0.052084431564399736,
          0.8250027768968144,
          0.5627234046550824,
          1.6519004245953586
        ],
        [
          0.0,
          0.0,
          0.0,
          1.0
        ]
      ]
    },
    {
      "file_path": "./video\\images/0060.jpg",
      "sharpness": 11.839954000397672,
      "transform_matrix": [
        [
          0.9583136725041018,
          0.03046990879454764,
          -0.28408887657734805,
          -1.2230161407258486
        ],
        [
          -0.24484953652298425,
          0.6000207566891285,
          -0.7615929332700696,
          -2.869539317220916
        ],
        [
          0.14725355547559368,
          0.7994039505965103,
          0.5824686379676911,
          2.3658983903676103
        ],
        [
          0.0,
          0.0,
          0.0,
          1.0
        ]
      ]
    },
    {
      "file_path": "./video\\images/0062.jpg",
      "sharpness": 8.730071611150104,
      "transform_matrix": [
        [
          0.9889973595840876,
          -0.017559491280272732,
          -0.14688732772743587,
          -0.7394705192119978
        ],
        [
          -0.10681330954439638,
          0.6022006109389246,
          -0.7911670753318678,
          -3.128284378316325
        ],
        [
          0.10234812985717673,
          0.7981516700977824,
          0.593699226780959,
          2.4719656602676965
        ],
        [
          0.0,
          0.0,
          0.0,
          1.0
        ]
      ]
    },
    {
      "file_path": "./video\\images/0061.jpg",
      "sharpness": 7.8611034915488425,
      "transform_matrix": [
        [
          0.9786446164578627,
          0.015216348780512423,
          -0.20499555471536196,
          -1.117127305510025
        ],
        [
          -0.1731500786575192,
          0.5984963946342663,
          -0.782189948715082,
          -3.0007305836770954
        ],
        [
          0.11078702534093579,
          0.8009809787808732,
          0.5883499865664908,
          2.542567729636886
        ],
