{
  "camera_angle_x": 0.5927451403581161,
  "camera_angle_y": 0.33724404129554914,
  "fl_x": 2095.8445951333997,
  "fl_y": 2114.679370494154,
  "k1": -0.09110503818221533,
  "k2": 0.0005883713000253676,
  "k3": 0,
  "k4": 0,
  "p1": -0.001255687603656641,
  "p2": -0.0039120472061737405,
  "is_fisheye": false,
  "cx": 625.9881037019355,
  "cy": 334.14025990530996,
  "w": 1280.0,
  "h": 720.0,
  "aabb_scale": 32,
  "frames": [
    {
      "file_path": "./images/0065.jpg",
      "sharpness": 5.747619345389471,
      "transform_matrix": [
        [
          0.9535994009114963,
          0.06698634982569318,
          -0.29353196004088133,
          -1.022882171686371
        ],
        [
          -0.27109847597254444,
          0.6151462040574909,
          -0.7403382767080522,
          -3.009578496078985
        ],
        [
          0.13097251219578704,
          0.7855622041569652,
          0.6047629490109139,
          2.587302006406504
        ],
        [
          0.0,
          0.0,
          0.0,
          1.0
        ]
      ]
    },
    {
      "file_path": "./images/0009.jpg",
      "sharpness": 17.710745397015558,
      "transform_matrix": [
        [
          0.1719428908996921,
          -0.31451384056209464,
          0.9335505805317217,
          3.9409766890121305
        ],
        [
          0.9837350018909984,
          0.004822933888003161,
          -0.17956109089458852,
          -0.9711473011764049
        ],
        [
          0.05197199558176496,
          0.9492406351662337,
          0.3102275427354188,
          1.3365884714660645
        ],
        [
          0.0,
          0.0,
          0.0,
          1.0
        ]
      ]
    },
    {
      "file_path": "./images/0016.jpg",
      "sharpness": 6.15524400849401,
      "transform_matrix": [
        [
          -0.23848541279271115,
          -0.4050205089163797,
          0.8826568389183783,
          3.9928663173926013
        ],
        [
          0.9691451384454344,
          -0.15757047730871812,
          0.18955011292085297,
          0.6259997122555997
        ],
        [
          0.06230897620781206,
          0.9006275212781957,
          0.4301019175119193,
          1.5231862563185998
        ],
        [
          0.0,
          0.0,
          0.0,
          1.0
        ]
      ]
    },
    {
      "file_path": "./images/0007.jpg",
      "sharpness": 20.11549029539132,
      "transform_matrix": [
        [
          0.30932483044724735,
          -0.35115514790176816,
          0.8837466896221144,
          3.2559502453292275
        ],
        [
          0.9478393606956996,
          0.038665517359941594,
          -0.3163945702493661,
          -1.3644973611218745
        ],
        [
          0.07693305914185776,
          0.9355185941051806,
          0.34479887549373484,
          1.2794737125162123
        ],
        [
          0.0,
          0.0,
          0.0,
          1.0
        ]
      ]
    },
    {
      "file_path": "./images/0004.jpg",
      "sharpness": 35.32756492324641,
      "transform_matrix": [
        [
          0.5860524976512077,
          -0.26694132050719266,
          0.7650390849164729,
          2.4799178808244937
        ],
        [
          0.8083676787264017,
          0.12790597488095942,
          -0.574614442544099,
          -2.0929405139823465
        ],
        [
          0.05553526809694763,
          0.9551870984483253,
          0.2907463516580587,
          0.9089838321031081
        ],
        [
          0.0,
          0.0,
          0.0,
          1.0
        ]
      ]
    },
    {
      "file_path": "./images/0010.jpg",
      "sharpness": 24.1215645929784,
      "transform_matrix": [
        [
          0.13578278948743375,
          -0.3047522333727947,
          0.9427030870748658,
          4.205570824885492
        ],
        [
          0.9897228142819973,
          -0.001353101586657256,
          -0.14299272710821695,
          -0.6987002361834375
        ],
        [
          0.04485292598516337,
          0.9524307037352319,
          0.30143651016455014,
          1.3083973680337377
        ],
        [
          0.0,
          0.0,
          0.0,
          1.0
        ]
      ]
    },
    {
      "file_path": "./images/0014.jpg",
      "sharpness": 18.003350762250687,
      "transform_matrix": [
        [
          -0.08170121142327513,
          -0.2743719896726638,
          0.958146608501126,
          4.051990696546708
        ],
        [
          0.9941000762220485,
          -0.09125128384719229,
          0.05863652148262376,
          0.04697171510062735
        ],
        [
          0.07134388907288947,
          0.9572842913816436,
          0.2802085562810349,
          1.5644156104836155
        ],
        [
          0.0,
          0.0,
          0.0,
          1.0
        ]
      ]
    },
    {
      "file_path": "./images/0013.jpg",
      "sharpness": 21.13473256562786,
      "transform_matrix": [
        [
          0.009518266154159703,
          -0.30478321409894654,
          0.9523741885730164,
          3.865140718844444
        ],
        [
          0.9988074525349203,
          -0.04271177519191039,
          -0.023651152629084255,
          -0.12483906218295984
        ],
        [
          0.047886066556345794,
          0.9514635551142024,
          0.3040132036053807,
          1.4709184937270419
        ],
        [
          0.0,
          0.0,
          0.0,
          1.0
        ]
      ]
    },
    {
      "file_path": "./images/0011.jpg",
      "sharpness": 17.93041015306637,
      "transform_matrix": [
        [
          0.11976946576990745,
          -0.30949708456136615,
          0.9433275304815304,
          4.264093260575529
        ],
        [
          0.9919885856291332,
          -0.0011419470496222873,
          -0.12632237307173028,
          -0.489192922655092
        ],
        [
          0.04017363627083461,
          0.9508997058849843,
          0.306880804782299,
          1.284434545146764
        ],
        [
          0.0,
          0.0,
          0.0,
          1.0
        ]
      ]
    },
    {
      "file_path": "./images/0003.jpg",
      "sharpness": 29.572003948747398,
      "transform_matrix": [
        [
          0.648550133261374,
          -0.2562760577343613,
          0.7167323816641504,
          2.3005972192596817
        ],
        [
          0.759302940182249,
          0.15187607689986077,
          -0.6327659142970057,
          -2.4038379456897765
        ],
        [
          0.05330825167047046,
          0.9545974227619934,
          0.2930904140486356,
          0.9253726213455676
        ],
        [
          0.0,
          0.0,
          0.0,
          1.0
        ]
      ]
    },
    {
      "file_path": "./images/0020.jpg",
      "sharpness": 12.159267520620793,
      "transform_matrix": [
        [
          -0.4881577624704583,
          -0.3815303265943795,
          0.7849436979018294,
          3.660013698071759
        ],
        [
          0.8706914528049802,
          -0.27471343362688005,
          0.4079570117025911,
          1.5972879621183977
        ],
        [
          0.05998660654303539,
          0.8825911507131287,
          0.46629868943149355,
          1.8929994340773824
        ],
        [
          0.0,
          0.0,
          0.0,
          1.0
        ]
      ]
    },
    {
      "file_path": "./images/0017.jpg",
      "sharpness": 10.244665741626129,
      "transform_matrix": [
        [
          -0.3262309404296641,
          -0.36484529824024514,
          0.8720443118933469,
          3.847388829121665
        ],
        [
          0.9427638142160574,
          -0.1929755004379562,
          0.27195008151412176,
          0.8231704534366825
        ],
        [
          0.06906347889521297,
          0.9108503524882642,
          0.40691752395552805,
          1.3784543576926436
        ],
        [
          0.0,
          0.0,
          0.0,
          1.0
        ]
      ]
    },
    {
      "file_path": "./images/0008.jpg",
      "sharpness": 19.260685662121237,
      "transform_matrix": [
        [
          0.22572988429293922,
          -0.33737058850523044,
          0.9139076022202178,
          3.641785893053686
        ],
        [
          0.9719400255913084,
          0.014270661350483264,
          -0.23479551715953212,
          -1.2215365007134618
        ],
        [
          0.0661710359055844,
          0.9412637432109316,
          0.3311252931609568,
          1.269284211488838
        ],
        [
          0.0,
          0.0,
          0.0,
          1.0
        ]
      ]
    },
    {
      "file_path": "./images/0019.jpg",
      "sharpness": 13.977553162797296,
      "transform_matrix": [
        [
          -0.4387180278207158,
          -0.3497041508900539,
          0.8277883177253379,
          3.833167381211455
        ],
        [
          0.8953701205499877,
          -0.2484404541507727,
          0.36958042151564724,
          1.461541029700952
        ],
        [
          0.0764122981046694,
          0.903318519480101,
          0.4221099538151687,
          1.7135610101568044
        ],
        [
          0.0,
          0.0,
          0.0,
          1.0
        ]
      ]
    },
    {
      "file_path": "./images/0018.jpg",
      "sharpness": 15.249865914181132,
      "transform_matrix": [
        [
          -0.3900152414759669,
          -0.353519153525514,
          0.8502425063205347,
          3.909994035391725
        ],
        [
          0.918013194931851,
          -0.22117319624120196,
          0.3291415974857805,
          1.0282070532193353
        ],
        [
          0.07169299376983441,
          0.9089040793173804,
          0.41079616513758466,
          1.5645920696459594
        ],
        [
          0.0,
          0.0,
          0.0,
          1.0
        ]
      ]
    },
    {
      "file_path": "./images/0015.jpg",
      "sharpness": 15.986919611894349,
      "transform_matrix": [
        [
          -0.1618199156467284,
          -0.30873447678476196,
          0.937281888116751,
          4.130788372422156
        ],
        [
          0.9829612471487713,
          -0.13434445477877702,
          0.12545419113744513,
          0.34116442137753283
        ],
        [
          0.08718659017179295,
          0.9416127603005868,
          0.3252136346780804,
          1.719287004259189
        ],
        [
          0.0,
          0.0,
          0.0,
          1.0
        ]
      ]
    },
    {
      "file_path": "./images/0006.jpg",
      "sharpness": 32.61318459613824,
      "transform_matrix": [
        [
          0.40920361592340815,
          -0.3485533741841466,
          0.8432454838937657,
          2.6501512780525998
        ],
        [
          0.9099141635935748,
          0.08712388074942219,
          -0.40554364043218705,
          -1.8489083637559394
        ],
        [
          0.0678867852703119,
          0.9332309332608484,
          0.3528050589744295,
          1.2863701142321804
        ],
        [
          0.0,
          0.0,
          0.0,
          1.0
        ]
      ]
    },
    {
      "file_path": "./images/0002.jpg",
      "sharpness": 21.336798810940017,
      "transform_matrix": [
        [
          0.6970216316573339,
          -0.24170950805809363,
          0.675083223583018,
          2.0908886505903874
        ],
        [
          0.7151189295373873,
          0.16527502556837304,
          -0.6791826577149184,
          -2.662028942433524
        ],
        [
          0.05259050903939852,
          0.9561697964711535,
          0.2880513126553875,
          0.9531159437751642
        ],
        [
          0.0,
          0.0,
          0.0,
          1.0
        ]
      ]
    },
    {
      "file_path": "./images/0012.jpg",
      "sharpness": 22.283081904082824,
      "transform_matrix": [
        [
          0.08660223017944327,
          -0.32186528987997665,
          0.9428164131715157,
          3.997403833495039
        ],
        [
          0.9955747323988128,
          -0.006696046987423596,
          -0.09373427955556045,
          -0.41161699123686296
        ],
        [
          0.03648295406395188,
          0.9467617958982152,
          0.31986105723822683,
          1.2303558758009217
        ],
        [
          0.0,
          0.0,
          0.0,
          1.0
        ]
      ]
    },
    {
      "file_path": "./images/0001.jpg",
      "sharpness": 35.12857057966892,
      "transform_matrix": [
        [
          0.7498519356658413,
          -0.22942745854768404,
          0.6205522668476191,
          1.9817651162583227
        ],
        [
          0.6596471648210805,
          0.18714242356448904,
          -0.7279033804331072,
          -2.689485243646899
        ],
        [
          0.05086936747473492,
          0.9551653022448011,
          0.29167028111811466,
          0.9839847763443966
        ],
        [
          0.0,
          0.0,
          0.0,
          1.0
        ]
      ]
    },
    {
      "file_path": "./images/0005.jpg",
      "sharpness": 41.47392013300672,
      "transform_matrix": [
        [
          0.5061408528706459,
          -0.2850968088602205,
          0.8139663670448988,
          2.671847133885475
        ],
        [
          0.8602497053991408,
          0.09950058251514836,
          -0.5000700735295635,
          -1.8418193435353258
        ],
        [
          0.061578254501067894,
          0.953320220966523,
          0.2956157555275831,
          0.903546873481147
        ],
        [
          0.0,
          0.0,
          0.0,
          1.0
        ]
      ]
    },
    {
      "file_path": "./images/0021.jpg",
      "sharpness": 11.530602202002203,
      "transform_matrix": [
        [
          -0.5536060969326526,
          -0.3755608878450413,
          0.7432861555331267,
          3.277652597662817
        ],
        [
          0.8313766390442217,
          -0.3010102926446798,
          0.46712491666953876,
          2.011591387310834
        ],
        [
          0.048302934756812604,
          0.8765539477326454,
          0.47887368194065116,
          1.9314932166091714
        ],
        [
          0.0,
          0.0,
          0.0,
          1.0
        ]
      ]
    },
    {
      "file_path": "./images/0024.jpg",
      "sharpness": 8.27072787291798,
      "transform_matrix": [
        [
          -0.7041213236754881,
          -0.3362328423893231,
          0.6254283630372482,
          2.5387666174281396
        ],
        [
          0.7100740480579053,
          -0.3369189389351601,
          0.6182883428154625,
          2.6634345488886813
        ],
        [
          0.002829813533436587,
          0.8794504558684353,
          0.47598202473976825,
          1.9956304764754418
        ],
        [
          0.0,
          0.0,
          0.0,
          1.0
        ]
      ]
    },
    {
      "file_path": "./images/0023.jpg",
      "sharpness": 10.795710658743351,
      "transform_matrix": [
        [
          -0.6685928399602952,
          -0.31540125105445366,
          0.6734282925704039,
          3.0637810467306457
        ],
        [
          0.7431019954712699,
          -0.31745258048336955,
          0.5890868216749483,
          2.4414493396254766
        ],
        [
          0.027982828711013708,
          0.8942851391027147,
          0.4466218213707998,
          1.9864556942636695
        ],
        [
          0.0,
          0.0,
          0.0,
          1.0
        ]
      ]
    },
    {
      "file_path": "./images/0022.jpg",
      "sharpness": 10.567607412549007,
      "transform_matrix": [
        [
          -0.6304196874904864,
          -0.3153895912492006,
          0.709295723519631,
          3.2578169326815125
        ],
        [
          0.7748337269277275,
          -0.3109267930324432,
          0.5504155021344089,
          2.3140376926999164
        ],
        [
          0.04694372439019051,
          0.8965790177941076,
          0.4403888641177627,
          2.012400325546261
        ],
        [
          0.0,
          0.0,
          0.0,
          1.0
        ]
      ]
    },
    {
      "file_path": "./images/0029.jpg",
      "sharpness": 9.811764301775712,
      "transform_matrix": [
        [
          -0.9618689998344666,
          -0.11286019524422938,
          0.24913972692859396,
          1.204539318450037
        ],
        [
          0.2732881961683633,
          -0.4333020361341148,
          0.8588148271409257,
          3.5931080878057386
        ],
        [
          0.011026741890293013,
          0.8941543053912464,
          0.4476231553000635,
          2.081571997058969
        ],
        [
          0.0,
          0.0,
          0.0,
          1.0
        ]
      ]
    },
    {
      "file_path": "./images/0026.jpg",
      "sharpness": 11.180347197808167,
      "transform_matrix": [
        [
          -0.8229671582743466,
          -0.29046498059181053,
          0.48821629581449105,
          2.214741098811807
        ],
        [
          0.568055189639918,
          -0.41139039020531215,
          0.7127911674325819,
          2.952089372777833
        ],
        [
          -0.006193380174603497,
          0.8639375220092449,
          0.5035609200024764,
          1.8922287092085706
        ],
        [
          0.0,
          0.0,
          0.0,
          1.0
        ]
      ]
    },
    {
      "file_path": "./images/0033.jpg",
      "sharpness": 8.430721569003587,
      "transform_matrix": [
        [
          -0.9956496568272328,
          -0.08609568638163878,
          0.03562714826455193,
          0.014627270131958458
        ],
        [
          0.07755207082741407,
          -0.5537826029314822,
          0.8290419199297688,
          3.477568077145879
        ],
        [
          -0.05164723823453568,
          0.8281982621990565,
          0.5580503573338258,
          2.051279067002835
        ],
        [
          0.0,
          0.0,
          0.0,
          1.0
        ]
      ]
    },
    {
      "file_path": "./images/0025.jpg",
      "sharpness": 16.657674613274462,
      "transform_matrix": [
        [
          -0.7659110521554863,
          -0.30628311181107115,
          0.5653060371626856,
          2.3602937525089813
        ],
        [
          0.6429427034570041,
          -0.3678975981161762,
          0.67177082206045,
          2.954661093252777
        ],
        [
          0.0022226754681699268,
          0.8779760889456181,
          0.47869932838967066,
          1.730949877670836
        ],
        [
          0.0,
          0.0,
          0.0,
          1.0
        ]
      ]
    },
    {
      "file_path": "./images/0027.jpg",
      "sharpness": 7.6889170795534865,
      "transform_matrix": [
        [
          -0.8837950111293285,
          -0.2389752579531108,
          0.40224023224477606,
          1.5363595094811362
        ],
        [
          0.467766419310432,
          -0.4328476098556983,
          0.7706085410944599,
          3.076916415836181
        ],
        [
          -0.010047651773966604,
          0.8692144572926689,
          0.49433315888623386,
          2.1698181196786153
        ],
        [
          0.0,
          0.0,
          0.0,
          1.0
        ]
      ]
    },
    {
      "file_path": "./images/0036.jpg",
      "sharpness": 8.300440508053628,
      "transform_matrix": [
        [
          -0.9842185968930215,
          0.030627242164044416,
          -0.1742863322654244,
          -0.8851573950506031
        ],
        [
          -0.1600042076877746,
          -0.574692954254218,
          0.8025750194547496,
          3.258899456162095
        ],
        [
          -0.07558046770009577,
          0.8177958060540808,
          0.5705239806965114,
          2.1266583929274945
        ],
        [
          0.0,
          0.0,
          0.0,
          1.0
        ]
      ]
    },
    {
      "file_path": "./images/0031.jpg",
      "sharpness": 15.258566608757441,
      "transform_matrix": [
        [
          -0.9822053325904274,
          -0.10334658443495015,
          0.15681890244397972,
          0.5796055877216998
        ],
        [
          0.1874165256958221,
          -0.48530891793471886,
          0.8540200817715969,
          3.446208889999767
        ],
        [
          -0.012154446633153404,
          0.8682135323148581,
          0.49604186494649927,
          1.8043889497715713
        ],
        [
          0.0,
          0.0,
          0.0,
          1.0
        ]
      ]
    },
    {
      "file_path": "./images/0028.jpg",
      "sharpness": 15.643090240473805,
      "transform_matrix": [
        [
          -0.9323358393311006,
          -0.1633614546512727,
          0.32258784521455414,
          1.3864320620110189
        ],
        [
          0.36156990077071244,
          -0.43138438843169474,
          0.8265438380836766,
          3.2657146161617825
        ],
        [
          0.004133956600983202,
          0.8872544982077586,
          0.4612617108108177,
          1.8764257970915432
        ],
        [
          0.0,
          0.0,
          0.0,
          1.0
        ]
      ]
    },
    {
      "file_path": "./images/0032.jpg",
      "sharpness": 13.514893199297825,
      "transform_matrix": [
        [
          -0.9908004278015478,
          -0.08908640711304719,
          0.10187307977643187,
          0.2893353639643643
        ],
        [
          0.13351998084532798,
          -0.5207571738613218,
          0.8431988974062157,
          3.6819315670583648
        ],
        [
          -0.022066423134679047,
          0.8490439199322755,
          0.5278612460138358,
          2.0576542571103085
        ],
        [
          0.0,
          0.0,
          0.0,
          1.0
        ]
      ]
    },
    {
      "file_path": "./images/0040.jpg",
      "sharpness": 10.98143988652995,
      "transform_matrix": [
        [
          -0.8413577738776374,
          0.2340555601237204,
          -0.4871704949584018,
          -2.0130509006672432
        ],
        [
          -0.5372123836512707,
          -0.4610948395480734,
          0.7062537814368723,
          2.125779515845348
        ],
        [
          -0.05932917680169686,
          0.8559261321835633,
          0.5136832731095307,
          1.7596137894964528
        ],
        [
          0.0,
          0.0,
          0.0,
          1.0
        ]
      ]
    },
    {
      "file_path": "./images/0037.jpg",
      "sharpness": 23.935179015631736,
      "transform_matrix": [
        [
          -0.9623046906778874,
          0.09957552130756944,
          -0.2530897032730448,
          -1.2681144436264649
        ],
        [
          -0.2655586965512467,
          -0.5449296111480231,
          0.7953177337266486,
          2.8160487238124254
        ],
        [
          -0.05872189564916322,
          0.8325481574561926,
          0.5508314665438692,
          1.6019196298821496
        ],
        [
          0.0,
          0.0,
          0.0,
          1.0
        ]
      ]
    },
    {
      "file_path": "./images/0035.jpg",
      "sharpness": 16.306553792953476,
      "transform_matrix": [
        [
          -0.992509149729065,
          0.029668382500405377,
          -0.11851318420781248,
          -0.7681824085109032
        ],
        [
          -0.11814750480650665,
          -0.4799731129480748,
          0.8692910778070579,
          3.5686641627761406
        ],
        [
          -0.03109268174904295,
          0.8767813855021727,
          0.47988295158897415,
          2.0172210513983964
        ],
        [
          0.0,
          0.0,
          0.0,
          1.0
        ]
      ]
    },
    {
      "file_path": "./images/0039.jpg",
      "sharpness": 11.405292953980998,
      "transform_matrix": [
        [
          -0.8824559663930722,
          0.19145262600907775,
          -0.4296712224697776,
          -1.8883874294088168
        ],
        [
          -0.4660229742785529,
          -0.48007236244286855,
          0.7432046247589685,
          2.515285726673389
        ],
        [
          -0.06398480177258581,
          0.8560820164267445,
          0.5128640427443167,
          2.0023979269478667
        ],
        [
          0.0,
          0.0,
          0.0,
          1.0
        ]
      ]
    },
    {
      "file_path": "./images/0034.jpg",
      "sharpness": 18.424267537829323,
      "transform_matrix": [
        [
          -0.9983567710589627,
          -0.04177869544142848,
          -0.03922114652978831,
          -0.621435840175305
        ],
        [
          -0.010853408946483623,
          -0.5341914179758245,
          0.8452938734400266,
          3.3326620822289432
        ],
        [
          -0.05626687517634152,
          0.8443305452261465,
          0.5328601779108763,
          1.8956569189781542
        ],
        [
          0.0,
          0.0,
          0.0,
          1.0
        ]
      ]
    },
    {
      "file_path": "./images/0038.jpg",
      "sharpness": 25.023484927137407,
      "transform_matrix": [
        [
          -0.9165091310001265,
          0.1552236100241685,
          -0.3686687452600699,
          -1.4219121711759468
        ],
        [
          -0.3979708897392123,
          -0.4468571852910389,
          0.8012102263912856,
          2.9393011211741324
        ],
        [
          -0.04037553408295719,
          0.881035916908481,
          0.47132316876210345,
          1.8513649023894179
        ],
        [
          0.0,
          0.0,
          0.0,
          1.0
        ]
      ]
    },
    {
      "file_path": "./images/0045.jpg",
      "sharpness": 10.408745431782291,
      "transform_matrix": [
        [
          -0.38176404085794424,
          0.5003537197776483,
          -0.7771115571522925,
          -2.7045545888318028
        ],
        [
          -0.9242595609543383,
          -0.2073012205206858,
          0.3205783335709895,
          1.4808166296515466
        ],
        [
          -0.0006936125960365774,
          0.8406380666616875,
          0.5415968609843202,
          2.1207000927876654
        ],
        [
          0.0,
          0.0,
          0.0,
          1.0
        ]
      ]
    },
    {
      "file_path": "./images/0041.jpg",
      "sharpness": 19.93916424955674,
      "transform_matrix": [
        [
          -0.7737677848104172,
          0.2716325213741588,
          -0.5722754481616992,
          -2.2400709813379565
        ],
        [
          -0.6326121359198498,
          -0.3783254233519841,
          0.6757749326014488,
          2.4670160162929045
        ],
        [
          -0.032943902375737466,
          0.884921266225494,
          0.4645740542963289,
          1.819237513812282
        ],
        [
          0.0,
          0.0,
          0.0,
          1.0
        ]
      ]
    },
    {
      "file_path": "./images/0043.jpg",
      "sharpness": 17.058264851123898,
      "transform_matrix": [
        [
          -0.6122133384556931,
          0.389510592642244,
          -0.6880961607824881,
          -2.4510970677666495
        ],
        [
          -0.7890519461614816,
          -0.35699480534315164,
          0.4999517328870948,
          1.7858642743506923
        ],
        [
          -0.050910259206545155,
          0.8490207342691832,
          0.5259010727653461,
          1.5918179705553919
        ],
        [
          0.0,
          0.0,
          0.0,
          1.0
        ]
      ]
    },
    {
      "file_path": "./images/0046.jpg",
      "sharpness": 17.7530653181182,
      "transform_matrix": [
        [
          -0.2631381105536056,
          0.4601639390376451,
          -0.8479430900896673,
          -2.9154668000991903
        ],
        [
          -0.9621874570570685,
          -0.06105570449295579,
          0.2654571498960723,
          1.425902350382073
        ],
        [
          0.07038204500652463,
          0.8857320984390876,
          0.45883005305079133,
          1.8973689400649043
        ],
        [
          0.0,
          0.0,
          0.0,
          1.0
        ]
      ]
    },
    {
      "file_path": "./images/0042.jpg",
      "sharpness": 9.790806189924405,
      "transform_matrix": [
        [
          -0.7065506066619271,
          0.3424376003108913,
          -0.6192921202196571,
          -2.3512742337158077
        ],
        [
          -0.7035958591824679,
          -0.4336187641494716,
          0.562963261961911,
          2.0249470702714127
        ],
        [
          -0.07575689532772525,
          0.8334934056784473,
          0.5473112784769283,
          2.1907916519279684
        ],
        [
          0.0,
          0.0,
          0.0,
          1.0
        ]
      ]
    },
    {
      "file_path": "./images/0047.jpg",
      "sharpness": 13.467138545979388,
      "transform_matrix": [
        [
          -0.21798441402597452,
          0.54379248647629,
          -0.8104150337579279,
          -2.804211231896442
        ],
        [
          -0.9739784306578505,
          -0.06842807444103116,
          0.21606391471411526,
          1.093985645166423
        ],
        [
          0.062038793162071504,
          0.8364253286021902,
          0.5445584062916613,
          2.1175557966384537
        ],
        [
          0.0,
          0.0,
          0.0,
          1.0
        ]
      ]
    },
    {
      "file_path": "./images/0044.jpg",
      "sharpness": 24.900238658292796,
      "transform_matrix": [
        [
          -0.48609214356613883,
          0.4179573796792264,
          -0.767480329899163,
          -2.4060136188349563
        ],
        [
          -0.8739068302057538,
          -0.2313425491100395,
          0.42751313089895343,
          1.7333152962817047
        ],
        [
          0.0011314120583021114,
          0.8785170765487876,
          0.47770960443152954,
          1.7239378080578758
        ],
        [
          0.0,
          0.0,
          0.0,
          1.0
        ]
      ]
    },
    {
      "file_path": "./images/0055.jpg",
      "sharpness": 8.485560971991216,
      "transform_matrix": [
        [
          0.4369031534617465,
          0.5141777509177278,
          -0.7380629207618716,
          -3.0585340671844397
        ],
        [
          -0.8953143361144393,
          0.3277225865015741,
          -0.30167887868510634,
          -1.1368649258120063
        ],
        [
          0.08676332205129694,
          0.7926027673429269,
          0.6035337432108993,
          2.4438172514526313
        ],
        [
          0.0,
          0.0,
          0.0,
          1.0
        ]
      ]
    },
    {
      "file_path": "./images/0049.jpg",
      "sharpness": 15.787812495761443,
      "transform_matrix": [
        [
          -0.06822030192218984,
          0.5780464045624814,
          -0.8131471850933327,
          -3.0309188011973887
        ],
        [
          -0.9919182225616554,
          0.04809666563894179,
          0.11740932886516359,
          0.47928263661457116
        ],
        [
          0.10697770868928246,
          0.8145852103824548,
          0.5700935931204325,
          2.0307612184095674
        ],
        [
          0.0,
          0.0,
          0.0,
          1.0
        ]
      ]
    },
    {
      "file_path": "./images/0048.jpg",
      "sharpness": 14.950953755215071,
      "transform_matrix": [
        [
          -0.14258086135029702,
          0.5673038899448667,
          -0.8110715100884797,
          -3.0946756046913677
        ],
        [
          -0.9853063631732688,
          -0.0035024614493647313,
          0.170760368511219,
          0.7009151109102167
        ],
        [
          0.09403227460807054,
          0.8235010803055551,
          0.5594675165859218,
          1.843051818305715
        ],
        [
          0.0,
          0.0,
          0.0,
          1.0
        ]
      ]
    },
    {
      "file_path": "./images/0058.jpg",
      "sharpness": 8.081716577148436,
      "transform_matrix": [
        [
          0.6383959718416713,
          0.4015214121986008,
          -0.6566819159452667,
          -2.6542222111368434
        ],
        [
          -0.7571898492140158,
          0.4808485200677454,
          -0.44209527592583525,
          -1.4471110625416166
        ],
        [
          0.13825380792146166,
          0.7794647242374532,
          0.6109996958361349,
          2.5162365975389704
        ],
        [
          0.0,
          0.0,
          0.0,
          1.0
        ]
      ]
    },
    {
      "file_path": "./images/0056.jpg",
      "sharpness": 9.125589189881454,
      "transform_matrix": [
        [
          0.5370983151511743,
          0.4117417007029672,
          -0.7362025345047208,
          -2.919793788715591
        ],
        [
          -0.8336287159447837,
          0.3923596400072587,
          -0.38873779961003313,
          -1.6195559174857448
        ],
        [
          0.1287965986717395,
          0.82250999072059,
          0.553975406839156,
          2.069173380396957
        ],
        [
          0.0,
          0.0,
          0.0,
          1.0
        ]
      ]
    },
    {
      "file_path": "./images/0050.jpg",
      "sharpness": 11.725605467224119,
      "transform_matrix": [
        [
          0.026330404713738362,
          0.5636847129241366,
          -0.8255702600326765,
          -3.019805975924513
        ],
        [
          -0.9940935287701559,
          0.10174443734900328,
          0.037764077187970896,
          0.16146658537995745
        ],
        [
          0.10528421460764134,
          0.8196997096075788,
          0.5630342975973182,
          2.115184395278892
        ],
        [
          0.0,
          0.0,
          0.0,
          1.0
        ]
      ]
    },
    {
      "file_path": "./images/0053.jpg",
      "sharpness": 14.64546547519896,
      "transform_matrix": [
        [
          0.28297567500366383,
          0.4878605283220135,
          -0.8257825817421697,
          -3.2712602669801782
        ],
        [
          -0.9538050928410293,
          0.23371040026065842,
          -0.188773127538172,
          -0.6142342919295934
        ],
        [
          0.10089901997347106,
          0.8410538352327627,
          0.5314582147787882,
          1.8934858386065114
        ],
        [
          0.0,
          0.0,
          0.0,
          1.0
        ]
      ]
    },
    {
      "file_path": "./images/0051.jpg",
      "sharpness": 11.369522553601678,
      "transform_matrix": [
        [
          0.1505301997987993,
          0.48292340028787717,
          -0.8626271781309145,
          -3.4323288068409563
        ],
        [
          -0.9817811335723852,
          0.17537327852430504,
          -0.07314382366942296,
          -0.11211089522200123
        ],
        [
          0.11595889233649362,
          0.8579214431867243,
          0.5005240580188972,
          2.095739872484877
        ],
        [
          0.0,
          0.0,
          0.0,
          1.0
        ]
      ]
    },
    {
      "file_path": "./images/0052.jpg",
      "sharpness": 11.14362734420094,
      "transform_matrix": [
        [
          0.20219303286754908,
          0.5234261221794118,
          -0.8277336963826123,
          -3.1076221490712563
        ],
        [
          -0.9760468152163849,
          0.17701470379899129,
          -0.12648481784361512,
          -0.37894273297297915
        ],
        [
          0.08031557737115953,
          0.8334811871330351,
          0.5466795393775463,
          2.2873867424263015
        ],
        [
          0.0,
          0.0,
          0.0,
          1.0
        ]
      ]
    },
    {
      "file_path": "./images/0054.jpg",
      "sharpness": 8.761264096152924,
      "transform_matrix": [
        [
          0.3726214253772088,
          0.450146874345093,
          -0.8114931083591386,
          -3.5345124971306285
        ],
        [
          -0.9203452862576755,
          0.2912302713918515,
          -0.2610545596007297,
          -1.0592884816683954
        ],
        [
          0.11881846414224574,
          0.8441283792085661,
          0.5228091927661557,
          2.0923617022787293
        ],
        [
          0.0,
          0.0,
          0.0,
          1.0
        ]
      ]
    },
    {
      "file_path": "./images/0057.jpg",
      "sharpness": 16.351040327019156,
      "transform_matrix": [
        [
          0.6039525139300577,
          0.34991606349800136,
          -0.7161006280340797,
          -2.877633858181847
        ],
        [
          -0.7821734072256884,
          0.43282610132203114,
          -0.4481811319582227,
          -1.6220179475816345
        ],
        [
          0.1531212655573494,
          0.830794989488059,
          0.5351014516172184,
          2.1561153320446507
        ],
        [
          0.0,
          0.0,
          0.0,
          1.0
        ]
      ]
    },
    {
      "file_path": "./images/0059.jpg",
      "sharpness": 9.170021501536429,
      "transform_matrix": [
        [
          0.6957535577064893,
          0.36747091981971886,
          -0.6171645729242644,
          -2.4138811769012616
        ],
        [
          -0.7030778361726576,
          0.5242555400369672,
          -0.48045570557892925,
          -1.8045307593972706
        ],
        [
          0.1469984464083734,
          0.7681934989709359,
          0.6231133162912807,
          2.392527449530519
        ],
        [
          0.0,
          0.0,
          0.0,
          1.0
        ]
      ]
    },
    {
      "file_path": "./images/0060.jpg",
      "sharpness": 11.839954000397672,
      "transform_matrix": [
        [
          0.7522371191507068,
          0.2871370545780177,
          -0.5930359420029131,
          -2.4016964562720773
        ],
        [
          -0.6438024485076081,
          0.5118297255660385,
          -0.5688134486126598,
          -2.0275562573712578
        ],
        [
          0.14020600520714466,
          0.8096805814330577,
          0.5698768570500842,
          2.309360869541879
        ],
        [
          0.0,
          0.0,
          0.0,
          1.0
        ]
      ]
    },
    {
      "file_path": "./images/0063.jpg",
      "sharpness": 8.956435222360824,
      "transform_matrix": [
        [
          0.8876371348310734,
          0.12357017472796794,
          -0.44365609297490627,
          -2.0148010204776035
        ],
        [
          -0.4390743763429114,
          0.5177602867046263,
          -0.7342601565866497,
          -3.0356955458680943
        ],
        [
          0.13897485005174465,
          0.8465546039468792,
          0.5138397548230771,
          2.383713833351105
        ],
        [
          0.0,
          0.0,
          0.0,
          1.0
        ]
      ]
    },
    {
      "file_path": "./images/0061.jpg",
      "sharpness": 7.8611034915488425,
      "transform_matrix": [
        [
          0.8022149201761262,
          0.27381817595248675,
          -0.5305420138047893,
          -2.3653655444868535
        ],
        [
          -0.5879596862674992,
          0.5166806172475588,
          -0.6223701045880425,
          -2.1934774894002382
        ],
        [
          0.10370452836276522,
          0.8112118997604951,
          0.5754829489491649,
          2.4881264936110195
        ],
        [
          0.0,
          0.0,
          0.0,
          1.0
        ]
      ]
    },
    {
      "file_path": "./images/0064.jpg",
      "sharpness": 7.699382572738034,
      "transform_matrix": [
        [
          0.9175860018815993,
          0.15346493430462946,
          -0.36672120628209404,
          -1.6825154052332894
        ],
        [
          -0.38568901677682144,
